Clauses: 15000, Treshold: 28000, S: 15, Epochs: 500, Accuracy: 71.2516585581601
Clauses: 15000, Treshold: 28000, S: 15, Epochs: 500, Accuracy: 72.18045112781954
